%Кришталь Максим ПОИТ 5
a = 2

a =

     2

%Присваивание переменной a значение 2
b = 7

b =

     7

%Присваивание переменной b значение 7
a + b

ans =

     9

%Сложение
a/b

ans =

    0.2857

%Деление
b^2

ans =

    49

%Возведение в степень
sqrt(b)

ans =

    2.6458

%Корень квадратный
log(b)

ans =

    1.9459

%ln(7)
log10(100)

ans =

     2

%log10(100)
abs(-b)

ans =

     7

%Модуль
sin(pi/3)

ans =

    0.8660

floor(3.8)

ans =

     3

%Отбрасывание дробной части
x = [1, 2, 3]

x =

     1     2     3

%Создание вектора
x2 = [1; 2; 3]

x2 =

     1
     2
     3

%Доступ к вектору
A = [1, 2, 3; 4, 5, 6; 7, 8, 9]

%Создание матрицы
A =

     1     2     3
     4     5     6
     7     8     9

%Матрица
zeros(12, 5)

ans =

     0     0     0     0     0
     0     0     0     0     0
     0     0     0     0     0
     0     0     0     0     0
     0     0     0     0     0
     0     0     0     0     0
     0     0     0     0     0
     0     0     0     0     0
     0     0     0     0     0
     0     0     0     0     0
     0     0     0     0     0
     0     0     0     0     0

%Матрица из нулей 12x5
eye(10, 3)

ans =

     1     0     0
     0     1     0
     0     0     1
     0     0     0
     0     0     0
     0     0     0
     0     0     0
     0     0     0
     0     0     0
     0     0     0

%Создание еденичной матрицы 10x3
7:15

ans =

  Columns 1 through 7

     7     8     9    10    11    12    13

  Columns 8 through 9

    14    15

%Вектор строка 7, 8, ..., 14, 15
linspace(1, 2, 20)

ans =

  Columns 1 through 4

    1.0000    1.0526    1.1053    1.1579

  Columns 5 through 8

    1.2105    1.2632    1.3158    1.3684

  Columns 9 through 12

    1.4211    1.4737    1.5263    1.5789

  Columns 13 through 16

    1.6316    1.6842    1.7368    1.7895

  Columns 17 through 20

    1.8421    1.8947    1.9474    2.0000

%Чё-то сложное
x(2)

ans =

     2

%Второй элемент вектора
A(2, 4)
{Index in position 2 exceeds array bounds (must
not exceed 3).
} 
A(2, 3)

ans =

     6

%Элемент матрицы A2,3 
A2[11, 12, 13; 14, 15, 16; 17, 18, 19]
 A2[11, 12, 13; 14, 15, 16; 17, 18, 19]
   ↑
{Error: Invalid expression. When calling a function or indexing a variable, use parentheses. Otherwise,
check for mismatched delimiters.
} 
A2 = [11, 12, 13; 14, 15, 16; 17, 18, 19]

A2 =

    11    12    13
    14    15    16
    17    18    19

%Создание второй матрицы
A*A2

ans =

    90    96   102
   216   231   246
   342   366   390

%Перемножение матриц
x*A

ans =

    30    36    42

%Умножение вектора на матрицу
A*x
{Error using <a href="matlab:matlab.internal.language.introspective.errorDocCallback('mtimes')" style="font-weight:bold"> * </a>
Incorrect dimensions for matrix multiplication. Check that the number of columns in the first matrix
matches the number of rows in the second matrix. To perform elementwise multiplication, use '.*'.

<a href="matlab:helpview('matlab','error_innerdim')" style="font-weight:bold">Related documentation</a>
} 
inv(A)
[Warning: Matrix is close to singular or badly scaled. Results may be inaccurate. RCOND =  2.202823e-18.] 
[] 

ans =

   1.0e+16 *

    0.3153   -0.6305    0.3153
   -0.6305    1.2610   -0.6305
    0.3153   -0.6305    0.3153

%Обратная матрица
det(A)

ans =

  -9.5162e-16

%Определитель матрцы
size(A)

ans =

     3     3

%Размер матрицы
a == 10

ans =

  <a href="matlab:helpPopup logical" style="font-weight:bold">logical</a>

   0

%Проверить, если a равно 10
a == 2

ans =

  <a href="matlab:helpPopup logical" style="font-weight:bold">logical</a>

   1

%Проверить, если a равно 2
a ~= 2

ans =

  <a href="matlab:helpPopup logical" style="font-weight:bold">logical</a>

   0

%Проверить, если a не равно 2
a > 1 && a ~= 10

ans =

  <a href="matlab:helpPopup logical" style="font-weight:bold">logical</a>

   1

%Проверить, если a больше 1 и не равно 10
a > 1 || a ~= 2

ans =

  <a href="matlab:helpPopup logical" style="font-weight:bold">logical</a>

   1

%Проверить, если a больше 1 или не равно 2
a

a =

     2

%Значение a
if a > 0
disp('a bigger than 0');
elseif a == 0
disp('a = 0');
else
disp('a < 0');
end
a bigger than 0
%Условные выражения
for k = 1:5
disp(k);
end
     1

     2

     3

     4

     5

%Цикл for 
function output = sum(x, y)
 function output = sum(x, y)
 ↑
{Error: Function definition not supported in this context. Create functions in code file.
} 
f = @(x) sin(x.^2)./(5*x);%Создание функции
f(pi/2)

ans =

    0.0795

%Передаем функции значение pi/2
a = 0.1

a =

    0.1000

%Присваиваем a = 0.1
b = 0.5

